 0.461389 -0.257602  -1.22201  0.173602  -1.36207   3.46056 -0.247029   2.41892
  0.722461 -0.0958607    2.76112   0.668662   -2.46748    2.86289 -0.0966403   -1.48001
-0.0341047 0.0162045  0.421587  0.359619 -0.294609   3.63024  -0.46715   0.79394
 0.599027 0.0182306  0.592042  0.224823  -1.15918   2.04499  0.950877 -0.308639
-0.838999 -0.560393  0.250416  0.386832  -2.14228   -1.5139 -0.862387  -1.67646
0.0494358 -0.44747 -3.06216 0.402223 -2.27447  1.39671 0.157557  1.51689
-0.797136  -0.54252  -2.28698    0.6824  -2.03934   1.42677 -0.430117  -1.80182
-0.784356 -0.862577 -0.961512  0.459116 -0.581606 -0.459541   1.07444   2.87909
-0.0378679 -0.0130041  -0.508065   0.457747    -1.1367    2.30581    0.29988   -1.41207
 -0.935553   0.439221      1.092   0.113232    -1.8001 -0.0448962   0.525846   0.396342
 0.128358  0.829895 -0.607217  0.542206  -1.27423   2.98714  0.613812   1.55405
   0.89311  -0.692166   -1.33919   0.499952   -1.53223  -0.575582 -0.0891251    3.09001
 0.468004  -0.99556  0.374778  0.207102 -0.633572 -0.429617 -0.692221   2.49835
 0.972453 -0.870382   2.85574  0.206425  -1.57135   2.17992  0.320513   3.47115
   0.29677  -0.766205    1.57226   0.111807 -0.0137788    1.19463   0.540236    3.34184
 0.422194 -0.859248   1.04215 0.0871309  -1.80549 -0.528398  -1.84928  -1.66911
  -0.49767   0.164341  -0.973703 0.00644702   -0.39618    2.19448   0.591201    2.74772
0.601703 0.508502 -2.29852 0.138759 -1.34226  2.81875 -1.40025 -1.15935
 0.929232  0.831519   -1.2685  0.661956   -1.3809  -1.46371  0.908049 -0.891241
-0.695994  0.133033  -1.19184  0.319389 -0.483492 -0.059453 -0.325619  -1.54756
  0.830011    0.70559   -2.66426   0.527016   -1.07724    2.97525 -0.0397543   0.258364
 0.259932  0.465967  0.570444 0.0811818  -1.09856    2.3078  -1.12329   1.12833
 0.344149  0.103681 0.0293712  0.100059 -0.960316  0.345779 -0.886786   2.47078
  0.943687   0.278723   -1.58115    0.54324 -0.0728458     2.3067   0.761343    3.03946
  0.217825   0.859801   0.948718   0.136448  -0.509286  -0.523632 -0.0754388   0.514904
 0.965562 -0.643542  0.334497  0.388803 -0.171494   2.59093  -1.57836     1.471
-0.28239 0.226951  1.58105 0.684668 -2.57074 -1.46899 0.522111  3.61771
 0.440086  -0.94781   1.74642  0.477645 -0.570603   1.61222 -0.100556   0.26639
 0.123565 -0.539132  0.558423  0.253505  -1.36179 -0.934396  0.601359   0.66824
-0.290911 -0.287565  -2.97511  0.199471  -2.19246  -1.16369  0.892522  0.997909
 0.497545   0.29468 0.0895967  0.529627 -0.712584 -0.287708  0.460816  0.584679
-0.363806 0.0723455  -2.26004 0.0692138   -2.1797   2.10337 -0.376894   2.15979
 0.900356 -0.839378  -2.53064  0.296982  -1.94764   3.11221  0.885344   1.49645
-0.487133 0.839835  2.51491 0.289535 -2.47534  2.52946  1.03663  2.57429
 -0.113386 -0.0882744   0.449641   0.118217  -0.660594 -0.0765054  0.0248931   -1.55127
 0.731914  0.519392  -2.09687 0.0234681  -1.36387   1.75658  0.478486  0.481564
  0.476036    0.72217    2.26212   0.686305  -0.625392    2.29178 -0.0177392   -1.82086
 0.346733 0.0121503 -0.393641  0.502721  -1.82865  0.198348 -0.247736    2.2465
 0.669632 -0.791739   2.61806   0.40205  -1.48314   1.07663  0.116739 -0.243714
-0.408467   0.62983  -1.04374  0.534893  -1.38173  -1.37367  -1.27685 -0.742521
 0.917636 -0.870296  -1.85175  0.496882 -0.476052   2.61405  0.396859   0.82842
-0.365649 -0.649594  -1.75773   0.42726  -1.16811   2.28824 -0.775259  0.254355
  0.713895   -0.43751    2.96348   0.200695  -0.478633    1.54745 -0.0650934   -1.28787
-0.129578 0.849237  2.43969 0.626405 -2.56144 -1.39949 -1.54799  3.56474
-0.684068 -0.352483   1.26473  0.673624  -2.26667    0.5348 -0.450687  0.606873
 0.228689  0.376365   -2.6939  0.116266  -1.46458  0.516232 -0.169534 -0.254481
  0.43413 0.0582525  0.558001  0.368723  -2.22851 -0.916354  0.113033    1.3481
 -0.791677  0.0715041 -0.0473333  0.0872942  -0.972371    1.49516   -1.58188    2.47839
 0.869398  0.617942    1.6531 0.0479948  -1.96995  -0.62853   -0.2822   2.90113
0.838429 0.185689 -2.94708 0.248547  -2.5449  1.36933 0.146621  2.24863
-0.764885 -0.506064  -1.38161  0.184216  -1.50254   3.26513  0.754065   1.04646
-0.0733508  -0.31184  0.987632 0.0636115 -0.117847   2.35562   0.84013   3.05353
0.147681 0.284241  2.88572 0.567147 -0.33234 0.768057 0.229047  2.50933
-0.852573  0.430736   -2.1829 0.0706407  -1.82405   2.61204  0.743056  0.435383
-0.884582 -0.743567   1.18335  0.334112  -2.47383   1.09832  -1.87324  0.981846
0.768058 0.344159 0.699346 0.578944 -1.47519 0.820925 0.368332 -1.85969
 -0.735106   0.376089    2.09068 0.00386391   -2.17745   0.970879   0.585617  -0.563715
 -0.53496  0.901096 -0.973863   0.37006 -0.625423 -0.840504    1.0871    2.6582
-0.357343  0.292023  -1.23642  0.260211  -2.13278 -0.141759  0.894167  -1.52875
   0.980381   0.0150721     2.57007    0.294726 -0.00560001     1.64534   -0.544903    -1.19157
-0.348295 -0.458658  -2.28765  0.341389 -0.555904   3.30037  0.395414  -1.80628
  0.76885 -0.835204  0.356016  0.445543  -1.89816  0.955145 -0.460806   1.41633
-0.679302  0.535858   2.97796  0.238954  -2.39457   2.94435 -0.612817  -1.49387
 -0.244552   -0.34932  0.0211786   0.259155 -0.0965536    3.34187  -0.331486  -0.304491
-0.576058 0.283612  1.78295 0.689858 -1.11171 0.993278 -1.85677 0.652002
 0.207114  0.153597   -2.4767  0.606556  -2.38122   1.26928 -0.425658 -0.514201
-0.323075 -0.100277  0.614462  0.292907  -1.78147  -1.84121 -0.347697   1.98055
 -0.32113 -0.991792  -2.68066  0.208782 -0.143042   1.31804 -0.062432  -1.04028
-0.557876 -0.249304  -2.15407  0.549754 -0.271152 -0.928862  -1.11348  0.875357
 0.508208 -0.274652 -0.759445  0.583216 -0.174998   2.85965  -1.61628 -0.401369
-0.390205  0.389038   1.23258  0.431213 -0.763431 -0.819299 -0.906658  -1.65141
 -0.597981  -0.207839  -0.938511   0.101025 -0.0646176    3.34697  -0.966105   -0.82213
 -0.364877 -0.0780863    3.09851   0.147707  -0.947753  -0.522521   0.322376   0.273328
   0.22534  -0.813474   -1.64867   0.376655  -0.135457 -0.0510908   0.647096  -0.504633
  -0.9423 0.0274366   2.37594   0.50885 -0.758166 -0.797173  0.546512   3.17603
 0.193888 -0.727711  -2.77688  0.394874   -2.4147  0.102656  0.493655   0.29319
 0.645583  0.523647  0.691075  0.318127  -2.58903 -0.108167   0.75974    1.5709
-0.165233 -0.817947  -2.07114  0.252321  -1.50556   3.60244 0.0232788  0.619019
 0.00326403 -0.00595644    -1.93728    0.146456    -0.79154     3.54246    -1.53099   -0.271904
 -0.773341   -0.63613    2.30662   0.132264   -1.19532    1.63407 -0.0749135   0.129078
-0.204773 -0.60481  2.05847 0.282509 -1.25311  1.88699 -1.81348  3.32956
 0.544124 -0.591419   -1.2266  0.136219  -2.11642   3.24326  0.126108   1.95854
-0.158637  0.686597   2.55155 0.0818113 -0.470334  -1.75241 -0.621935   3.30001
-0.576168 -0.438987  -2.35305  0.521423 -0.219302   2.06627  -1.53614 -0.165241
 0.821405  0.899724   1.40331  0.298369 -0.967048   2.31312 -0.753435  0.332544
 0.923115  0.352598  0.630699  0.106096  -1.04811 -0.511289  0.741458  -1.80462
-0.809393   0.50738  -2.26693  0.631893 -0.566784   1.16906  0.747743   3.64533
 0.666221    0.9502   1.57879  0.517091 -0.816897   2.96297  -1.72118   1.42791
0.646762 0.573323 -2.94475 0.313452 -1.19491 0.331909 0.771728 0.905667
 -0.841711 -0.0847659    1.00058   0.468581  -0.760789   0.913268   0.277195    2.57954
-0.478929  0.677902   1.38678 0.0305021  -1.59413   1.26805  -1.79505 -0.664118
0.0908255  0.582128   2.97869  0.161198 -0.878794  -1.71098  0.694145  0.807716
 0.648105  0.727718   2.77869  0.253907  -1.92123    2.5491  0.822688 0.0132985
-0.485805 0.0654304  -2.98481  0.667037  -2.51635   2.13105  0.502969  -0.24246
  0.127296 -0.0152811  -0.978276    0.65909    -2.4558   0.227089   -1.35521     1.4792
-0.649683 -0.692116     2.147  0.579421  -2.11871   1.84898 -0.891007  -1.83399
 0.0761886  -0.460106  -0.732827   0.555311    -2.4381  -0.484296   -1.44696 -0.0947267
 0.579099 -0.648797  -1.29908  0.572086 -0.261219  -1.55726  -1.51429  0.673457
  0.114501 -0.0529805  -0.508004   0.427747  -0.373076    1.42851   -1.20406   -1.73686
 0.505918 -0.860574   2.34051  0.651562 -0.670855 -0.800834   1.09339 -0.343381
