-0.347683  0.793569 -0.284234  0.480991  -1.67028   2.11371    0.1982 -0.264456
 0.121312 -0.206145   0.66473  0.157742 -0.295646   2.22912 -0.517468   0.32012
-0.843741 -0.978035 -0.863421  0.539648 -0.969596   1.87231  0.975987 -0.192923
 -0.56108 -0.656831    1.1132  0.462126  -2.23299   -1.5601 -0.629024  0.728938
0.922334 0.731803 -2.06743 0.223321 -1.08076   2.8066 0.026221 -1.09183
-0.515055 -0.548779 -0.774316  0.089445 -0.084231   2.68297 -0.254646  -1.66297
0.668826   0.7859  2.06138 0.320393 -1.12304  2.27456 0.508151  2.50068
  0.843904 -0.0990638  -0.247764  0.0480685   -1.27109    2.95284  -0.213299    0.74094
 0.475215  0.428988   1.88289  0.224322   -1.1527  0.424934 -0.433976   2.56604
 0.290196   0.70004   2.71523  0.422935 -0.855561  0.665429  0.149037  0.918953
 -0.289081 -0.0259844    2.96692   0.639505   -1.99808    2.24733   0.333383   -1.02936
-0.608069 -0.64359 -1.70279 0.490463 -2.48923  2.39843 -1.33334  2.48223
-0.0259573  0.973011  -2.43396 0.0324718   -1.5563   1.35506  0.747657   -1.6344
-0.128203  0.563429   1.03069 0.0754504  -1.98013 -0.114605 0.0180427   1.43223
 0.619953  0.178824   0.16652 0.0326728  -1.74254 -0.555255  -1.27103   1.04759
-0.155309 -0.128658  -1.62301  0.325857  -2.07452   0.47545  -1.10431   1.96628
 -0.16994 -0.255204   1.52229  0.566506 -0.109316   1.38846  0.818438  0.283437
-0.252866 0.0723073 0.0221369  0.426276   -0.3691   -1.2451  -1.23713   1.82026
  0.420292   0.487954       1.36   0.031088 -0.0311323     3.2403  -0.111582   0.374488
-0.282398 0.635239   2.4047  0.39123  -1.9751 -1.12345 -1.09663  1.77596
 0.029785 -0.991001 -0.111864  0.326487  -1.05756  0.060594  0.803459   3.50185
 0.780928 -0.258266  0.551099  0.517214    -1.332   2.58098  -0.60533 -0.792233
0.0983233 -0.729729  -1.59089  0.370723  -2.46735   2.67907   1.05591    0.4114
  0.280702   0.660923    3.04147   0.611681 -0.0708547  -0.543266  -0.200321   0.807074
-0.498431  -0.94027   2.89666  0.584524  -1.61346   2.71054  0.645556 -0.384769
-0.601543 -0.190468  -2.98938  0.476672  -2.06993  0.555864  0.882692   2.32344
   0.15609  -0.721241   -1.27931   0.439054 -0.0992693  -0.555294    -1.7524    1.44776
  -0.85081  -0.925116 -0.0693847  0.0328104   -1.87664   -1.71526  -0.238844    1.06792
   -0.86702 -0.00716457   -0.743623    0.310959    -1.76908   -0.809241    0.357454      1.0092
 0.206942  0.499058  -1.79173  0.561261  -2.11581  -1.31955 -0.122244     2.387
-0.506413  0.737851 -0.585636  0.144144  -2.32379  0.652347  0.627691 -0.871015
-0.00477734 -0.399353  -1.66375  0.539123  -1.73719   2.38768 -0.928231  0.335227
-0.465954  0.394998   2.22491  0.408343 -0.271947   1.31889  -1.55636  0.873179
-0.342125 -0.338706  -1.17435  0.359749  -1.47228   3.03067  -1.00356   1.90834
 0.50911 0.397304  2.47406 0.598654 -2.20389  2.02165 -1.74646  1.74946
 -0.989101  -0.419054  -0.390995   0.236255   -2.45997    2.29274   0.421932 -0.0859137
-0.0977596 0.199886  2.63833 0.239653  -2.1501 -1.72036 0.739574 0.921336
 -0.26728 -0.679813   -2.9552  0.555051   -2.5002 -0.122681 -0.383673   2.55356
-0.959648 -0.233929    1.0549  0.123508  -2.38902   2.12246  0.703252  -1.39671
-0.972734 -0.453596 -0.402061 0.0515509  -2.54972 -0.903468 -0.655168  0.751705
 0.563583 -0.354568   2.04371  0.663189  -1.68091   1.83796 -0.445983   2.13157
  0.664718 -0.0018061   0.183539   0.605877  -0.469973   -1.81666   0.210053    2.78006
 -0.196954  -0.307494   -3.01722   0.337882   -2.43814    2.86071 -0.0884527   -1.45577
-0.743145  -0.96139  -2.15037  0.107123  -2.09298   1.21359 0.0682307   3.57466
  0.766573 -0.0830765    2.79029   0.166784    -2.2775   0.391575    1.11483    3.46365
   0.825233 -0.00856618     2.14362    0.505934    -1.27278    0.984168   -0.117531     3.19891
 0.731564  0.187659 -0.594318  0.645285  -1.44348   3.60687  -1.86272   1.30813
-0.983976 -0.648001   1.46231  0.144324 -0.690187  0.125539  -1.31677     1.545
  0.64878 -0.727604   2.27183  0.659031  -1.17974   2.70896  0.963157  0.664449
-0.352409 0.518743 -1.91278  0.57822 -1.88928   2.3821 0.446702 -1.11122
-0.273127 -0.681723   -2.6397  0.560619  -2.23265  -1.37151  -0.69548  -1.04876
 -0.451761  -0.754584  -0.848089 0.00737562   -1.33977    1.19437  0.0599143  -0.170182
  0.386661 -0.0157626    -1.4568   0.167703   -1.78108  -0.878323   0.294902    1.67992
 0.891436  0.801909 -0.113145  0.154987  -0.86313 -0.602329 -0.760394  -1.72995
-0.210285 -0.101641   2.17706  0.374465  -1.18608 -0.598169  0.273477   2.67173
-0.281657 -0.872836    2.0867  0.584988 -0.993727  0.666235  -1.41498 -0.164485
 0.909545 -0.142044  0.358732  0.189729  -1.00785 -0.452756  0.965542   1.21623
-0.673138  -0.19809   1.79486  0.575455 -0.951913  -1.05376  0.805489  -1.74374
 0.208282  0.428958  0.466429  0.104494  -0.12853 -0.395081   1.13478  -0.18646
-0.327247  0.609934  -2.14934  0.660393  -1.91883 -0.138147  -1.06863 -0.676821
   0.49547   0.656461 -0.0165678   0.250511   -2.38235   0.407261    0.98168  -0.499366
 0.634561  0.419525  -2.58785  0.313229 -0.354423   3.42472 -0.395571  0.700957
   0.3412 -0.880557  0.755903  0.428864  -1.74881   1.39579    1.0054   1.81911
-0.203737 -0.82084 0.791574 0.459369 -1.55016   3.0949 0.868777 -1.04756
   0.4507 -0.228983  0.120208   0.56308 -0.519194  0.557676  -1.69959   1.54085
-0.694008 -0.683347  -2.68248  0.012227  -2.32015   1.20233 -0.392121   2.46842
  0.236556  -0.786217   -0.58691   0.656048  -0.785854 -0.0291966  0.0258128   -1.37113
-0.144346 -0.508663   1.65838  0.576953   -2.2459   1.72515   1.19562   2.93289
-0.924813 0.0227359   1.15734  0.579205 -0.118944   2.29705 -0.480175  -1.31853
 0.825436 0.0632257   -2.3542 0.0187443  -2.38376   1.50054   0.63035   2.04022
  0.43759 -0.562393   1.00055  0.289007  -1.16053 -0.360796   -0.2965   3.58547
0.0491916 -0.438045   2.01717  0.460495 -0.175376   2.62623  -0.23846   3.50597
 -0.350707  -0.560564    1.94832   0.192681 -0.0678337  -0.418376  -0.705304    3.03737
  0.60048 0.0243278    2.6012  0.614383  -2.29494   2.13949 -0.039588    2.7916
  0.89002 -0.483802   -1.4972  0.346422  -1.21299   2.43322  -0.39101  -1.57553
-0.880542 -0.384036   1.43889  0.685026   -2.3023 -0.441288   1.10523   0.57262
-0.031508  0.547063   1.41469  0.316265  -2.50954  -1.29391 -0.836126   2.78901
   0.24833  -0.481648    1.46277    0.51628 -0.0382984 -0.0659923 -0.0639617    3.28089
 0.179528  0.705617 -0.424408 0.0874854 -0.965314   3.21941  -1.32838    1.9443
-0.545251 0.834837  1.15661 0.240558  -2.1433  1.69968 0.574862  1.80402
-0.157881 0.0393943  -2.35903   0.31962 -0.964951  0.705794 -0.960365 -0.489725
 0.457813 -0.923152  -3.11586  0.492859  -1.65037   1.40712  0.104299   3.44558
  -0.104002   -0.845731    -2.59719   0.0548955 -0.00909854   -0.382436    0.500461   -0.668389
 -0.615051 -0.0901451   0.455761   0.258351   -2.35157   0.131969   -1.79247    1.00645
 0.773552 -0.669676   3.05823  0.357747 -0.956581 -0.285769  0.511419  0.113638
-0.338454 0.556866 -2.65095 0.483595 -1.64111  2.12028 0.154646  2.67287
 0.599808  0.494718    2.5207  0.549537  -2.56127   1.83664  -1.85615 -0.718767
-0.746088  0.185739  0.561157  0.158294 -0.104936   1.60128  0.444187   2.81319
 0.590174  0.479317 -0.846987  0.296686  -2.53614     -1.14  0.572466  0.107943
0.835936 0.743734 -2.74172 0.201198 -1.06205  2.12916 -1.56451 0.285479
-0.0565671  -0.97121  -1.94169  0.340951  -0.82157 -0.738811  0.306326   2.62679
   0.608347   -0.403336    -2.87273    0.527244   -0.187967     2.52806 -0.00194567     2.12349
0.0707507 0.952086 -2.17823 0.391494 -2.31718   3.3743  1.00071 -1.73248
 0.637939  0.987611  -1.09869  0.285388 -0.738412  0.530386  0.617578 -0.858572
-0.0945061  0.998234   1.15618 0.0960277   -2.0687   0.27705   1.07101  -1.83842
  0.382728   0.990682    1.75122   0.427538  -0.547428   0.257645   -0.84309 -0.0952378
  -0.268792 -0.00742308     2.47442    0.332016    -1.45832     2.68604   -0.303753   -0.453405
 0.63557 0.679732  1.10563 0.369804 -1.89107 0.786186 0.359101  2.16609
-0.0335424 -0.180321   2.32563  0.478618 -0.516476   2.67881  0.303884  0.842777
  0.636054 -0.0260823   -2.42621   0.420269  -0.323519   0.633632    1.01753  -0.566529
